{"camera":[{"id":0,"img":["./0_0.png","./0_1.png","./0_2.png","./0_3.png","./0_4.png","./0_5.png","./0_6.png","./0_7.png","./0_8.png","./0_9.png"],"worldToCameraMatrix":{"e00":1.0,"e01":0.0,"e02":-4.371138828673793e-8,"e03":0.0,"e10":0.0,"e11":1.0,"e12":0.0,"e13":-1.0,"e20":-4.371138828673793e-8,"e21":0.0,"e22":-1.0,"e23":-3.5,"e30":0.0,"e31":0.0,"e32":0.0,"e33":1.0},"projectionMatrix":{"e00":1.0,"e01":0.0,"e02":-4.371138828673793e-8,"e03":0.0,"e10":0.0,"e11":1.0,"e12":0.0,"e13":-1.0,"e20":-4.371138828673793e-8,"e21":0.0,"e22":-1.0,"e23":-3.5,"e30":0.0,"e31":0.0,"e32":0.0,"e33":1.0},"world2screenMat":{"e00":0.9742785692214966,"e01":0.0,"e02":-4.258706809423529e-8,"e03":0.0,"e10":0.0,"e11":1.7320507764816285,"e12":0.0,"e13":-1.7320507764816285,"e20":4.373761797182851e-8,"e21":0.0,"e22":1.0006000995635987,"e23":2.9019203186035158,"e30":4.371138828673793e-8,"e31":0.0,"e32":1.0,"e33":3.5},"pos":{"x":-1.5298985545086908e-7,"y":1.0,"z":-3.5},"quat":{"x":0.0,"y":2.1855694143368966e-8,"z":0.0,"w":1.0}},{"id":1,"img":["./1_0.png","./1_1.png","./1_2.png","./1_3.png","./1_4.png","./1_5.png","./1_6.png","./1_7.png","./1_8.png","./1_9.png"],"worldToCameraMatrix":{"e00":0.8207634091377258,"e01":0.0,"e02":0.5712682604789734,"e03":-1.1920928955078126e-7,"e10":0.0,"e11":1.0,"e12":0.0,"e13":-1.0,"e20":0.5712682604789734,"e21":0.0,"e22":-0.8207634091377258,"e23":-3.5,"e30":0.0,"e31":0.0,"e32":0.0,"e33":1.0},"projectionMatrix":{"e00":0.8207634091377258,"e01":0.0,"e02":0.5712682604789734,"e03":-1.1920928955078126e-7,"e10":0.0,"e11":1.0,"e12":0.0,"e13":-1.0,"e20":0.5712682604789734,"e21":0.0,"e22":-0.8207634091377258,"e23":-3.5,"e30":0.0,"e31":0.0,"e32":0.0,"e33":1.0},"world2screenMat":{"e00":0.7996522188186646,"e01":0.0,"e02":0.5565744042396545,"e03":-1.1614305606144626e-7,"e10":0.0,"e11":1.7320507764816285,"e12":0.0,"e13":-1.7320507764816285,"e20":-0.5716111063957214,"e21":0.0,"e22":0.8212559223175049,"e23":2.9019203186035158,"e30":-0.5712682604789734,"e31":0.0,"e32":0.8207634091377258,"e33":3.5},"pos":{"x":1.9994388818740845,"y":1.0,"z":-2.8726718425750734},"quat":{"x":0.0,"y":-0.2993631362915039,"z":0.0,"w":0.9541392922401428}},{"id":2,"img":["./2_0.png","./2_1.png","./2_2.png","./2_3.png","./2_4.png","./2_5.png","./2_6.png","./2_7.png","./2_8.png","./2_9.png"],"worldToCameraMatrix":{"e00":0.3473052978515625,"e01":0.0,"e02":0.9377521276473999,"e03":-2.384185791015625e-7,"e10":0.0,"e11":1.0,"e12":0.0,"e13":-1.0,"e20":0.9377521276473999,"e21":0.0,"e22":-0.3473052978515625,"e23":-3.5,"e30":0.0,"e31":0.0,"e32":0.0,"e33":1.0},"projectionMatrix":{"e00":0.3473052978515625,"e01":0.0,"e02":0.9377521276473999,"e03":-2.384185791015625e-7,"e10":0.0,"e11":1.0,"e12":0.0,"e13":-1.0,"e20":0.9377521276473999,"e21":0.0,"e22":-0.3473052978515625,"e23":-3.5,"e30":0.0,"e31":0.0,"e32":0.0,"e33":1.0},"world2screenMat":{"e00":0.3383721113204956,"e01":0.0,"e02":0.913631796836853,"e03":-2.3228611212289253e-7,"e10":0.0,"e11":1.7320507764816285,"e12":0.0,"e13":-1.7320507764816285,"e20":-0.9383148550987244,"e21":0.0,"e22":0.34751370549201968,"e23":2.9019203186035158,"e30":-0.9377521276473999,"e31":0.0,"e32":0.3473052978515625,"e33":3.5},"pos":{"x":3.282132387161255,"y":1.0,"z":-1.2155683040618897},"quat":{"x":0.0,"y":-0.5712682008743286,"z":0.0,"w":0.8207634687423706}},{"id":3,"img":["./3_0.png","./3_1.png","./3_2.png","./3_3.png","./3_4.png","./3_5.png","./3_6.png","./3_7.png","./3_8.png","./3_9.png"],"worldToCameraMatrix":{"e00":-0.2506526708602905,"e01":0.0,"e02":0.9680772423744202,"e03":1.7881393432617188e-7,"e10":0.0,"e11":1.0,"e12":0.0,"e13":-1.0,"e20":0.9680772423744202,"e21":0.0,"e22":0.2506526708602905,"e23":-3.5000007152557375,"e30":0.0,"e31":0.0,"e32":0.0,"e33":1.0},"projectionMatrix":{"e00":-0.2506526708602905,"e01":0.0,"e02":0.9680772423744202,"e03":1.7881393432617188e-7,"e10":0.0,"e11":1.0,"e12":0.0,"e13":-1.0,"e20":0.9680772423744202,"e21":0.0,"e22":0.2506526708602905,"e23":-3.5000007152557375,"e30":0.0,"e31":0.0,"e32":0.0,"e33":1.0},"world2screenMat":{"e00":-0.2442055195569992,"e01":0.0,"e02":0.9431769251823425,"e03":1.7421459119759675e-7,"e10":0.0,"e11":1.7320507764816285,"e12":0.0,"e13":-1.7320507764816285,"e20":-0.9686582088470459,"e21":0.0,"e22":-0.2508030831813812,"e23":2.901921033859253,"e30":-0.9680772423744202,"e31":0.0,"e32":-0.2506526708602905,"e33":3.5000007152557375},"pos":{"x":3.3882699012756349,"y":1.0,"z":0.877284049987793},"quat":{"x":0.0,"y":-0.7907757759094238,"z":0.0,"w":0.6121060252189636}},{"id":4,"img":["./4_0.png","./4_1.png","./4_2.png","./4_3.png","./4_4.png","./4_5.png","./4_6.png","./4_7.png","./4_8.png","./4_9.png"],"worldToCameraMatrix":{"e00":-0.7587583065032959,"e01":0.0,"e02":0.6513725519180298,"e03":1.1920928955078126e-7,"e10":0.0,"e11":1.0,"e12":0.0,"e13":-1.0,"e20":0.6513725519180298,"e21":0.0,"e22":0.7587583065032959,"e23":-3.500000476837158,"e30":0.0,"e31":0.0,"e32":0.0,"e33":1.0},"projectionMatrix":{"e00":-0.7587583065032959,"e01":0.0,"e02":0.6513725519180298,"e03":1.1920928955078126e-7,"e10":0.0,"e11":1.0,"e12":0.0,"e13":-1.0,"e20":0.6513725519180298,"e21":0.0,"e22":0.7587583065032959,"e23":-3.500000476837158,"e30":0.0,"e31":0.0,"e32":0.0,"e33":1.0},"world2screenMat":{"e00":-0.7392419576644898,"e01":0.0,"e02":0.63461834192276,"e03":1.1614305606144626e-7,"e10":0.0,"e11":1.7320507764816285,"e12":0.0,"e13":-1.7320507764816285,"e20":-0.6517634391784668,"e21":0.0,"e22":-0.7592136263847351,"e23":2.901920795440674,"e30":-0.6513725519180298,"e31":0.0,"e32":-0.7587583065032959,"e33":3.500000476837158},"pos":{"x":2.279803514480591,"y":1.0,"z":2.655653476715088},"quat":{"x":0.0,"y":0.9377521872520447,"z":0.0,"w":-0.3473052680492401}},{"id":5,"img":["./5_0.png","./5_1.png","./5_2.png","./5_3.png","./5_4.png","./5_5.png","./5_6.png","./5_7.png","./5_8.png","./5_9.png"],"worldToCameraMatrix":{"e00":-0.9948694705963135,"e01":0.0,"e02":0.1011682003736496,"e03":0.0,"e10":0.0,"e11":1.0,"e12":0.0,"e13":-1.0,"e20":0.1011682003736496,"e21":0.0,"e22":0.9948694705963135,"e23":-3.5000007152557375,"e30":0.0,"e31":0.0,"e32":0.0,"e33":1.0},"projectionMatrix":{"e00":-0.9948694705963135,"e01":0.0,"e02":0.1011682003736496,"e03":0.0,"e10":0.0,"e11":1.0,"e12":0.0,"e13":-1.0,"e20":0.1011682003736496,"e21":0.0,"e22":0.9948694705963135,"e23":-3.5000007152557375,"e30":0.0,"e31":0.0,"e32":0.0,"e33":1.0},"world2screenMat":{"e00":-0.9692800045013428,"e01":0.0,"e02":0.09856601059436798,"e03":0.0,"e10":0.0,"e11":1.7320507764816285,"e12":0.0,"e13":-1.7320507764816285,"e20":-0.10122890770435333,"e21":0.0,"e22":-0.9954664707183838,"e23":2.901921033859253,"e30":-0.1011682003736496,"e31":0.0,"e32":-0.9948694705963135,"e33":3.5000007152557375},"pos":{"x":0.3540886640548706,"y":1.0,"z":3.4820427894592287},"quat":{"x":0.0,"y":0.9987165331840515,"z":0.0,"w":-0.05064910650253296}},{"id":6,"img":["./6_0.png","./6_1.png","./6_2.png","./6_3.png","./6_4.png","./6_5.png","./6_6.png","./6_7.png","./6_8.png","./6_9.png"],"worldToCameraMatrix":{"e00":-0.8743466138839722,"e01":0.0,"e02":-0.4853023588657379,"e03":2.384185791015625e-7,"e10":0.0,"e11":1.0,"e12":0.0,"e13":-1.0,"e20":-0.4853023588657379,"e21":0.0,"e22":0.8743466138839722,"e23":-3.5000007152557375,"e30":0.0,"e31":0.0,"e32":0.0,"e33":1.0},"projectionMatrix":{"e00":-0.8743466138839722,"e01":0.0,"e02":-0.4853023588657379,"e03":2.384185791015625e-7,"e10":0.0,"e11":1.0,"e12":0.0,"e13":-1.0,"e20":-0.4853023588657379,"e21":0.0,"e22":0.8743466138839722,"e23":-3.5000007152557375,"e30":0.0,"e31":0.0,"e32":0.0,"e33":1.0},"world2screenMat":{"e00":-0.8518571853637695,"e01":0.0,"e02":-0.4728196859359741,"e03":2.3228611212289253e-7,"e10":0.0,"e11":1.7320507764816285,"e12":0.0,"e13":-1.7320507764816285,"e20":0.4855935871601105,"e21":0.0,"e22":-0.8748713135719299,"e23":2.901921033859253,"e30":0.4853023588657379,"e31":0.0,"e32":-0.8743466138839722,"e33":3.5000007152557375},"pos":{"x":-1.698557734489441,"y":1.0,"z":3.0602126121520998},"quat":{"x":0.0,"y":0.9680771231651306,"z":0.0,"w":0.2506527304649353}},{"id":7,"img":["./7_0.png","./7_1.png","./7_2.png","./7_3.png","./7_4.png","./7_5.png","./7_6.png","./7_7.png","./7_8.png","./7_9.png"],"worldToCameraMatrix":{"e00":-0.44039416313171389,"e01":0.0,"e02":-0.8978046774864197,"e03":-5.960464477539063e-7,"e10":0.0,"e11":1.0,"e12":0.0,"e13":-1.0,"e20":-0.8978046774864197,"e21":0.0,"e22":0.44039416313171389,"e23":-3.500000238418579,"e30":0.0,"e31":0.0,"e32":0.0,"e33":1.0},"projectionMatrix":{"e00":-0.44039416313171389,"e01":0.0,"e02":-0.8978046774864197,"e03":-5.960464477539063e-7,"e10":0.0,"e11":1.0,"e12":0.0,"e13":-1.0,"e20":-0.8978046774864197,"e21":0.0,"e22":0.44039416313171389,"e23":-3.500000238418579,"e30":0.0,"e31":0.0,"e32":0.0,"e33":1.0},"world2screenMat":{"e00":-0.42906659841537478,"e01":0.0,"e02":-0.8747118711471558,"e03":-5.807152660963766e-7,"e10":0.0,"e11":1.7320507764816285,"e12":0.0,"e13":-1.7320507764816285,"e20":0.8983434438705444,"e21":0.0,"e22":-0.44065845012664797,"e23":2.9019205570220949,"e30":0.8978046774864197,"e31":0.0,"e32":-0.44039416313171389,"e33":3.500000238418579},"pos":{"x":-3.1423161029815676,"y":1.0,"z":1.5413788557052613},"quat":{"x":0.0,"y":0.8486442565917969,"z":0.0,"w":0.528964102268219}},{"id":8,"img":["./8_0.png","./8_1.png","./8_2.png","./8_3.png","./8_4.png","./8_5.png","./8_6.png","./8_7.png","./8_8.png","./8_9.png"],"worldToCameraMatrix":{"e00":0.15142804384231568,"e01":0.0,"e02":-0.98846834897995,"e03":-3.5762786865234377e-7,"e10":0.0,"e11":1.0,"e12":0.0,"e13":-1.0,"e20":-0.98846834897995,"e21":0.0,"e22":-0.15142804384231568,"e23":-3.500000476837158,"e30":0.0,"e31":0.0,"e32":0.0,"e33":1.0},"projectionMatrix":{"e00":0.15142804384231568,"e01":0.0,"e02":-0.98846834897995,"e03":-3.5762786865234377e-7,"e10":0.0,"e11":1.0,"e12":0.0,"e13":-1.0,"e20":-0.98846834897995,"e21":0.0,"e22":-0.15142804384231568,"e23":-3.500000476837158,"e30":0.0,"e31":0.0,"e32":0.0,"e33":1.0},"world2screenMat":{"e00":0.1475331038236618,"e01":0.0,"e02":-0.9630435109138489,"e03":-3.484291823951935e-7,"e10":0.0,"e11":1.7320507764816285,"e12":0.0,"e13":-1.7320507764816285,"e20":0.9890615344047546,"e21":0.0,"e22":0.15151891112327577,"e23":2.901920795440674,"e30":0.98846834897995,"e31":0.0,"e32":0.15142804384231568,"e33":3.500000476837158},"pos":{"x":-3.459639072418213,"y":1.0,"z":-0.5299984812736511},"quat":{"x":0.0,"y":0.6513723731040955,"z":0.0,"w":0.7587582468986511}},{"id":9,"img":["./9_0.png","./9_1.png","./9_2.png","./9_3.png","./9_4.png","./9_5.png","./9_6.png","./9_7.png","./9_8.png","./9_9.png"],"worldToCameraMatrix":{"e00":0.6889672875404358,"e01":0.0,"e02":-0.7247924208641052,"e03":0.0,"e10":0.0,"e11":1.0,"e12":0.0,"e13":-1.0,"e20":-0.7247924208641052,"e21":0.0,"e22":-0.6889672875404358,"e23":-3.5,"e30":0.0,"e31":0.0,"e32":0.0,"e33":1.0},"projectionMatrix":{"e00":0.6889672875404358,"e01":0.0,"e02":-0.7247924208641052,"e03":0.0,"e10":0.0,"e11":1.0,"e12":0.0,"e13":-1.0,"e20":-0.7247924208641052,"e21":0.0,"e22":-0.6889672875404358,"e23":-3.5,"e30":0.0,"e31":0.0,"e32":0.0,"e33":1.0},"world2screenMat":{"e00":0.6712460517883301,"e01":0.0,"e02":-0.706149697303772,"e03":0.0,"e10":0.0,"e11":1.7320507764816285,"e12":0.0,"e13":-1.7320507764816285,"e20":0.7252273559570313,"e21":0.0,"e22":0.6893807649612427,"e23":2.9019203186035158,"e30":0.7247924208641052,"e31":0.0,"e32":0.6889672875404358,"e33":3.5},"pos":{"x":-2.536773443222046,"y":1.0,"z":-2.4113855361938478},"quat":{"x":0.0,"y":0.3943556249141693,"z":0.0,"w":0.9189578890800476}},{"id":10,"img":["./10_0.png","./10_1.png","./10_2.png","./10_3.png","./10_4.png","./10_5.png","./10_6.png","./10_7.png","./10_8.png","./10_9.png"],"worldToCameraMatrix":{"e00":1.0,"e01":4.440892098500626e-16,"e02":-4.371138828673793e-8,"e03":0.0,"e10":1.2008442240585282e-8,"e11":0.9615239500999451,"e12":0.2747211456298828,"e13":-0.9615238904953003,"e20":-4.202954784204849e-8,"e21":0.2747211456298828,"e22":-0.9615239500999451,"e23":-3.914776086807251,"e30":0.0,"e31":0.0,"e32":0.0,"e33":1.0},"projectionMatrix":{"e00":1.0,"e01":4.440892098500626e-16,"e02":-4.371138828673793e-8,"e03":0.0,"e10":1.2008442240585282e-8,"e11":0.9615239500999451,"e12":0.2747211456298828,"e13":-0.9615238904953003,"e20":-4.202954784204849e-8,"e21":0.2747211456298828,"e22":-0.9615239500999451,"e23":-3.914776086807251,"e30":0.0,"e31":0.0,"e32":0.0,"e33":1.0},"world2screenMat":{"e00":0.9742785692214966,"e01":4.3266659997942397e-16,"e02":-4.258706809423529e-8,"e03":0.0,"e10":2.0799232558488258e-8,"e11":1.6654082536697388,"e12":0.47583097219467165,"e13":-1.6654082536697388,"e20":4.205476855645429e-8,"e21":-0.27488601207733157,"e22":0.9621009826660156,"e23":3.3169453144073488,"e30":4.202954784204849e-8,"e31":-0.2747211456298828,"e32":0.9615239500999451,"e33":3.914776086807251},"pos":{"x":-1.5298985545086908e-7,"y":2.0,"z":-3.5},"quat":{"x":0.13870121538639069,"y":2.164444268260013e-8,"z":-3.031410900078413e-9,"w":0.9903343319892883}},{"id":11,"img":["./11_0.png","./11_1.png","./11_2.png","./11_3.png","./11_4.png","./11_5.png","./11_6.png","./11_7.png","./11_8.png","./11_9.png"],"worldToCameraMatrix":{"e00":0.820763349533081,"e01":0.0,"e02":0.5712683200836182,"e03":2.384185791015625e-7,"e10":-0.15693949162960053,"e11":0.9615239500999451,"e12":0.2254810631275177,"e13":-0.9615238904953003,"e20":0.5492881536483765,"e21":0.2747211754322052,"e22":-0.7891836166381836,"e23":-3.914775848388672,"e30":0.0,"e31":0.0,"e32":0.0,"e33":1.0},"projectionMatrix":{"e00":0.820763349533081,"e01":0.0,"e02":0.5712683200836182,"e03":2.384185791015625e-7,"e10":-0.15693949162960053,"e11":0.9615239500999451,"e12":0.2254810631275177,"e13":-0.9615238904953003,"e20":0.5492881536483765,"e21":0.2747211754322052,"e22":-0.7891836166381836,"e23":-3.914775848388672,"e30":0.0,"e31":0.0,"e32":0.0,"e33":1.0},"world2screenMat":{"e00":0.7996521592140198,"e01":0.0,"e02":0.5565744638442993,"e03":2.3228611212289253e-7,"e10":-0.27182716131210329,"e11":1.6654082536697388,"e12":0.3905446529388428,"e13":-1.6654082536697388,"e20":-0.5496177673339844,"e21":-0.27488604187965395,"e22":0.7896572351455689,"e23":3.3169450759887697,"e30":-0.5492881536483765,"e31":-0.2747211754322052,"e32":0.7891836166381836,"e33":3.914775848388672},"pos":{"x":1.9994388818740845,"y":2.0,"z":-2.8726718425750734},"quat":{"x":0.13234028220176698,"y":-0.29646962881088259,"z":0.04152204096317291,"w":0.9449167847633362}},{"id":12,"img":["./12_0.png","./12_1.png","./12_2.png","./12_3.png","./12_4.png","./12_5.png","./12_6.png","./12_7.png","./12_8.png","./12_9.png"],"worldToCameraMatrix":{"e00":0.3473051190376282,"e01":1.4901161193847657e-8,"e02":0.9377522468566895,"e03":4.76837158203125e-7,"e10":-0.25762033462524416,"e11":0.9615239500999451,"e12":0.09541207551956177,"e13":-0.9615239500999451,"e20":0.901671290397644,"e21":0.2747211456298828,"e22":-0.333942174911499,"e23":-3.91477632522583,"e30":0.0,"e31":0.0,"e32":0.0,"e33":1.0},"projectionMatrix":{"e00":0.3473051190376282,"e01":1.4901161193847657e-8,"e02":0.9377522468566895,"e03":4.76837158203125e-7,"e10":-0.25762033462524416,"e11":0.9615239500999451,"e12":0.09541207551956177,"e13":-0.9615239500999451,"e20":0.901671290397644,"e21":0.2747211456298828,"e22":-0.333942174911499,"e23":-3.91477632522583,"e30":0.0,"e31":0.0,"e32":0.0,"e33":1.0},"world2screenMat":{"e00":0.3383719325065613,"e01":1.4517882007680783e-8,"e02":0.9136319160461426,"e03":4.6457222424578506e-7,"e10":-0.44621148705482485,"e11":1.6654082536697388,"e12":0.16525855660438538,"e13":-1.6654082536697388,"e20":-0.902212381362915,"e21":-0.27488601207733157,"e22":0.3341425657272339,"e23":3.3169455528259279,"e30":-0.901671290397644,"e31":-0.2747211456298828,"e32":0.333942174911499,"e33":3.91477632522583},"pos":{"x":3.282132387161255,"y":2.0,"z":-1.2155683040618897},"quat":{"x":0.11384087800979614,"y":-0.565746545791626,"z":0.07923559844493866,"w":0.8128302097320557}},{"id":13,"img":["./13_0.png","./13_1.png","./13_2.png","./13_3.png","./13_4.png","./13_5.png","./13_6.png","./13_7.png","./13_8.png","./13_9.png"],"worldToCameraMatrix":{"e00":-0.250652551651001,"e01":0.0,"e02":0.9680771231651306,"e03":-1.1920928955078126e-7,"e10":-0.2659512162208557,"e11":0.9615239500999451,"e12":-0.0688595324754715,"e13":-0.9615239500999451,"e20":0.9308293461799622,"e21":0.27472108602523806,"e22":0.24100840091705323,"e23":-3.914776086807251,"e30":0.0,"e31":0.0,"e32":0.0,"e33":1.0},"projectionMatrix":{"e00":-0.250652551651001,"e01":0.0,"e02":0.9680771231651306,"e03":-1.1920928955078126e-7,"e10":-0.2659512162208557,"e11":0.9615239500999451,"e12":-0.0688595324754715,"e13":-0.9615239500999451,"e20":0.9308293461799622,"e21":0.27472108602523806,"e22":0.24100840091705323,"e23":-3.914776086807251,"e30":0.0,"e31":0.0,"e32":0.0,"e33":1.0},"world2screenMat":{"e00":-0.24420541524887086,"e01":0.0,"e02":0.943176805973053,"e03":-1.1614305606144626e-7,"e10":-0.4606409966945648,"e11":1.6654082536697388,"e12":-0.11926820874214173,"e13":-1.6654082536697388,"e20":-0.9313879609107971,"e21":-0.27488595247268679,"e22":-0.2411530315876007,"e23":3.3169453144073488,"e30":-0.9308293461799622,"e31":-0.27472108602523806,"e32":-0.24100840091705323,"e33":3.914776086807251},"pos":{"x":3.3882699012756349,"y":2.0,"z":0.877284049987793},"quat":{"x":0.08489983528852463,"y":-0.7831323146820068,"z":0.10968153923749924,"w":0.6061895489692688}},{"id":14,"img":["./14_0.png","./14_1.png","./14_2.png","./14_3.png","./14_4.png","./14_5.png","./14_6.png","./14_7.png","./14_8.png","./14_9.png"],"worldToCameraMatrix":{"e00":-0.7587583065032959,"e01":0.0,"e02":0.6513723731040955,"e03":5.960464477539063e-7,"e10":-0.17894576489925385,"e11":0.9615239500999451,"e12":-0.2084469199180603,"e13":-0.9615239500999451,"e20":0.6263101696968079,"e21":0.2747211456298828,"e22":0.7295643091201782,"e23":-3.91477632522583,"e30":0.0,"e31":0.0,"e32":0.0,"e33":1.0},"projectionMatrix":{"e00":-0.7587583065032959,"e01":0.0,"e02":0.6513723731040955,"e03":5.960464477539063e-7,"e10":-0.17894576489925385,"e11":0.9615239500999451,"e12":-0.2084469199180603,"e13":-0.9615239500999451,"e20":0.6263101696968079,"e21":0.2747211456298828,"e22":0.7295643091201782,"e23":-3.91477632522583,"e30":0.0,"e31":0.0,"e32":0.0,"e33":1.0},"world2screenMat":{"e00":-0.7392419576644898,"e01":0.0,"e02":0.6346181631088257,"e03":5.807152660963766e-7,"e10":-0.30994313955307009,"e11":1.6654082536697388,"e12":-0.3610406517982483,"e13":-1.6654082536697388,"e20":-0.6266860365867615,"e21":-0.27488601207733157,"e22":-0.7300021052360535,"e23":3.3169455528259279,"e30":-0.6263101696968079,"e31":-0.2747211456298828,"e32":-0.7295643091201782,"e33":3.91477632522583},"pos":{"x":2.279803514480591,"y":2.0,"z":2.655653476715088},"quat":{"x":-0.04817165434360504,"y":0.928688108921051,"z":-0.1300673633813858,"w":-0.34394824504852297}},{"id":15,"img":["./15_0.png","./15_1.png","./15_2.png","./15_3.png","./15_4.png","./15_5.png","./15_6.png","./15_7.png","./15_8.png","./15_9.png"],"worldToCameraMatrix":{"e00":-0.9948694705963135,"e01":9.313225746154786e-10,"e02":0.1011681854724884,"e03":5.960464477539063e-8,"e10":-0.027793038636446,"e11":0.9615239500999451,"e12":-0.2733116149902344,"e13":-0.9615239500999451,"e20":0.09727562963962555,"e21":0.2747211456298828,"e22":0.9565907716751099,"e23":-3.91477632522583,"e30":0.0,"e31":0.0,"e32":0.0,"e33":1.0},"projectionMatrix":{"e00":-0.9948694705963135,"e01":9.313225746154786e-10,"e02":0.1011681854724884,"e03":5.960464477539063e-8,"e10":-0.027793038636446,"e11":0.9615239500999451,"e12":-0.2733116149902344,"e13":-0.9615239500999451,"e20":0.09727562963962555,"e21":0.2747211456298828,"e22":0.9565907716751099,"e23":-3.91477632522583,"e30":0.0,"e31":0.0,"e32":0.0,"e33":1.0},"world2screenMat":{"e00":-0.9692800045013428,"e01":9.073676254800489e-10,"e02":0.09856599569320679,"e03":5.807152803072313e-8,"e10":-0.04813895374536514,"e11":1.6654082536697388,"e12":-0.473389595746994,"e13":-1.6654082536697388,"e20":-0.09733400493860245,"e21":-0.27488601207733157,"e22":-0.9571648240089417,"e23":3.3169455528259279,"e30":-0.09727562963962555,"e31":-0.2747211456298828,"e32":-0.9565907716751099,"e33":3.91477632522583},"pos":{"x":0.3540886640548706,"y":2.0,"z":3.4820427894592287},"quat":{"x":-0.007025090977549553,"y":0.9890632033348084,"z":-0.1385231912136078,"w":-0.05015954002737999}},{"id":16,"img":["./16_0.png","./16_1.png","./16_2.png","./16_3.png","./16_4.png","./16_5.png","./16_6.png","./16_7.png","./16_8.png","./16_9.png"],"worldToCameraMatrix":{"e00":-0.8743464946746826,"e01":-7.450580596923828e-9,"e02":-0.48530223965644839,"e03":0.0,"e10":0.13332277536392213,"e11":0.9615239500999451,"e12":-0.24020147323608399,"e13":-0.9615238904953003,"e20":-0.4666297137737274,"e21":0.2747211456298828,"e22":0.8407050371170044,"e23":-3.914776086807251,"e30":0.0,"e31":0.0,"e32":0.0,"e33":1.0},"projectionMatrix":{"e00":-0.8743464946746826,"e01":-7.450580596923828e-9,"e02":-0.48530223965644839,"e03":0.0,"e10":0.13332277536392213,"e11":0.9615239500999451,"e12":-0.24020147323608399,"e13":-0.9615238904953003,"e20":-0.4666297137737274,"e21":0.2747211456298828,"e22":0.8407050371170044,"e23":-3.914776086807251,"e30":0.0,"e31":0.0,"e32":0.0,"e33":1.0},"world2screenMat":{"e00":-0.85185706615448,"e01":-7.258941003840391e-9,"e02":-0.47281956672668459,"e03":0.0,"e10":0.23092181980609895,"e11":1.6654082536697388,"e12":-0.41604113578796389,"e13":-1.6654082536697388,"e20":0.4669097363948822,"e21":-0.27488601207733157,"e22":-0.8412095308303833,"e23":3.3169453144073488,"e30":0.4666297137737274,"e31":-0.2747211456298828,"e32":-0.8407050371170044,"e33":3.914776086807251},"pos":{"x":-1.698557734489441,"y":2.0,"z":3.0602126121520998},"quat":{"x":0.034765832126140597,"y":0.9587199091911316,"z":-0.1342734694480896,"w":0.2482299506664276}},{"id":17,"img":["./17_0.png","./17_1.png","./17_2.png","./17_3.png","./17_4.png","./17_5.png","./17_6.png","./17_7.png","./17_8.png","./17_9.png"],"worldToCameraMatrix":{"e00":-0.4403940439224243,"e01":0.0,"e02":-0.8978046774864197,"e03":-1.1920928955078126e-7,"e10":0.24664592742919923,"e11":0.9615239500999451,"e12":-0.12098555266857147,"e13":-0.9615238308906555,"e20":-0.8632606863975525,"e21":0.2747211456298828,"e22":0.42344939708709719,"e23":-3.914776086807251,"e30":0.0,"e31":0.0,"e32":0.0,"e33":1.0},"projectionMatrix":{"e00":-0.4403940439224243,"e01":0.0,"e02":-0.8978046774864197,"e03":-1.1920928955078126e-7,"e10":0.24664592742919923,"e11":0.9615239500999451,"e12":-0.12098555266857147,"e13":-0.9615238308906555,"e20":-0.8632606863975525,"e21":0.2747211456298828,"e22":0.42344939708709719,"e23":-3.914776086807251,"e30":0.0,"e31":0.0,"e32":0.0,"e33":1.0},"world2screenMat":{"e00":-0.4290664792060852,"e01":0.0,"e02":-0.8747118711471558,"e03":-1.1614305606144626e-7,"e10":0.4272032678127289,"e11":1.6654082536697388,"e12":-0.20955312252044679,"e13":-1.6654081344604493,"e20":0.8637787103652954,"e21":-0.27488601207733157,"e22":-0.42370352149009707,"e23":3.3169453144073488,"e30":0.8632606863975525,"e31":-0.2747211456298828,"e32":-0.42344939708709719,"e33":3.914776086807251},"pos":{"x":-3.1423161029815676,"y":2.0,"z":1.5413788557052613},"quat":{"x":0.07336796820163727,"y":0.8404414653778076,"z":-0.1177079901099205,"w":0.5238512754440308}},{"id":18,"img":["./18_0.png","./18_1.png","./18_2.png","./18_3.png","./18_4.png","./18_5.png","./18_6.png","./18_7.png","./18_8.png","./18_9.png"],"worldToCameraMatrix":{"e00":0.1514279842376709,"e01":1.4901161193847657e-8,"e02":-0.9884682893753052,"e03":-5.364418029785156e-7,"e10":0.271553099155426,"e11":0.9615239500999451,"e12":0.041600488126277927,"e13":-0.9615239500999451,"e20":-0.9504358768463135,"e21":0.2747211158275604,"e22":-0.14560163021087647,"e23":-3.914775848388672,"e30":0.0,"e31":0.0,"e32":0.0,"e33":1.0},"projectionMatrix":{"e00":0.1514279842376709,"e01":1.4901161193847657e-8,"e02":-0.9884682893753052,"e03":-5.364418029785156e-7,"e10":0.271553099155426,"e11":0.9615239500999451,"e12":0.041600488126277927,"e13":-0.9615239500999451,"e20":-0.9504358768463135,"e21":0.2747211158275604,"e22":-0.14560163021087647,"e23":-3.914775848388672,"e30":0.0,"e31":0.0,"e32":0.0,"e33":1.0},"world2screenMat":{"e00":0.14753304421901704,"e01":1.4517882007680783e-8,"e02":-0.9630434513092041,"e03":-5.226437451710808e-7,"e10":0.47034376859664919,"e11":1.6654082536697388,"e12":0.07205415517091751,"e13":-1.6654082536697388,"e20":0.9510062336921692,"e21":-0.27488598227500918,"e22":0.1456890106201172,"e23":3.3169450759887697,"e30":0.9504358768463135,"e31":-0.2747211158275604,"e32":0.14560163021087647,"e33":3.914775848388672},"pos":{"x":-3.459639072418213,"y":2.0,"z":-0.5299984812736511},"quat":{"x":0.10524068772792816,"y":0.6450763940811157,"z":-0.09034613519906998,"w":0.751424252986908}},{"id":19,"img":["./19_0.png","./19_1.png","./19_2.png","./19_3.png","./19_4.png","./19_5.png","./19_6.png","./19_7.png","./19_8.png","./19_9.png"],"worldToCameraMatrix":{"e00":0.688967227935791,"e01":0.0,"e02":-0.72479248046875,"e03":-3.5762786865234377e-7,"e10":0.1991158127784729,"e11":0.9615239500999451,"e12":0.1892738938331604,"e13":-0.9615238904953003,"e20":-0.6969053745269775,"e21":0.2747211456298828,"e22":-0.6624585390090942,"e23":-3.91477632522583,"e30":0.0,"e31":0.0,"e32":0.0,"e33":1.0},"projectionMatrix":{"e00":0.688967227935791,"e01":0.0,"e02":-0.72479248046875,"e03":-3.5762786865234377e-7,"e10":0.1991158127784729,"e11":0.9615239500999451,"e12":0.1892738938331604,"e13":-0.9615238904953003,"e20":-0.6969053745269775,"e21":0.2747211456298828,"e22":-0.6624585390090942,"e23":-3.91477632522583,"e30":0.0,"e31":0.0,"e32":0.0,"e33":1.0},"world2screenMat":{"e00":0.6712459921836853,"e01":0.0,"e02":-0.7061497569084168,"e03":-3.484291823951935e-7,"e10":0.3448787033557892,"e11":1.6654082536697388,"e12":0.3278319835662842,"e13":-1.6654082536697388,"e20":0.6973235607147217,"e21":-0.27488601207733157,"e22":0.6628561019897461,"e23":3.3169455528259279,"e30":0.6969053745269775,"e31":-0.2747211456298828,"e32":0.6624585390090942,"e33":3.91477632522583},"pos":{"x":-2.536773443222046,"y":2.0,"z":-2.4113855361938478},"quat":{"x":0.12746058404445649,"y":0.3905439078807831,"z":-0.05469760671257973,"w":0.9100755453109741}},{"id":20,"img":["./20_0.png","./20_1.png","./20_2.png","./20_3.png","./20_4.png","./20_5.png","./20_6.png","./20_7.png","./20_8.png","./20_9.png"],"worldToCameraMatrix":{"e00":1.0,"e01":0.0,"e02":-4.371139183945161e-8,"e03":-1.4210854715202005e-14,"e10":2.1686922480057548e-8,"e11":0.8682430982589722,"e12":0.49613896012306216,"e13":-0.8682428598403931,"e20":-3.7952116116457549e-8,"e21":0.49613896012306216,"e22":-0.8682430982589722,"e23":-4.5272674560546879,"e30":0.0,"e31":0.0,"e32":0.0,"e33":1.0},"projectionMatrix":{"e00":1.0,"e01":0.0,"e02":-4.371139183945161e-8,"e03":-1.4210854715202005e-14,"e10":2.1686922480057548e-8,"e11":0.8682430982589722,"e12":0.49613896012306216,"e13":-0.8682428598403931,"e20":-3.7952116116457549e-8,"e21":0.49613896012306216,"e22":-0.8682430982589722,"e23":-4.5272674560546879,"e30":0.0,"e31":0.0,"e32":0.0,"e33":1.0},"world2screenMat":{"e00":0.9742785692214966,"e01":0.0,"e02":-4.258707164694897e-8,"e03":-1.3845331199341567e-14,"e10":3.756285238409873e-8,"e11":1.5038411617279053,"e12":0.8593378663063049,"e13":-1.503840684890747,"e20":3.7974892563852339e-8,"e21":-0.4964366853237152,"e22":0.8687641024589539,"e23":3.9298043251037599,"e30":3.7952116116457549e-8,"e31":-0.49613896012306216,"e32":0.8682430982589722,"e33":4.5272674560546879},"pos":{"x":-1.5298985545086908e-7,"y":3.0,"z":-3.5},"quat":{"x":0.25666794180870058,"y":2.1123520710375489e-8,"z":-5.609655850946638e-9,"w":0.9664996862411499}},{"id":21,"img":["./21_0.png","./21_1.png","./21_2.png","./21_3.png","./21_4.png","./21_5.png","./21_6.png","./21_7.png","./21_8.png","./21_9.png"],"worldToCameraMatrix":{"e00":0.820763349533081,"e01":0.0,"e02":0.5712683796882629,"e03":3.5762786865234377e-7,"e10":-0.28342849016189577,"e11":0.8682431578636169,"e12":0.40721267461776736,"e13":-0.8682430982589722,"e20":0.49599987268447878,"e21":0.4961389899253845,"e22":-0.7126221656799316,"e23":-4.527267932891846,"e30":0.0,"e31":0.0,"e32":0.0,"e33":1.0},"projectionMatrix":{"e00":0.820763349533081,"e01":0.0,"e02":0.5712683796882629,"e03":3.5762786865234377e-7,"e10":-0.28342849016189577,"e11":0.8682431578636169,"e12":0.40721267461776736,"e13":-0.8682430982589722,"e20":0.49599987268447878,"e21":0.4961389899253845,"e22":-0.7126221656799316,"e23":-4.527267932891846,"e30":0.0,"e31":0.0,"e32":0.0,"e33":1.0},"world2screenMat":{"e00":0.7996521592140198,"e01":0.0,"e02":0.5565745234489441,"e03":3.484291823951935e-7,"e10":-0.490912526845932,"e11":1.5038412809371949,"e12":0.7053130269050598,"e13":-1.5038411617279053,"e20":-0.4962975084781647,"e21":-0.4964367151260376,"e22":0.7130498290061951,"e23":3.929804801940918,"e30":-0.49599987268447878,"e31":-0.4961389899253845,"e32":0.7126221656799316,"e33":4.527267932891846},"pos":{"x":1.9994388818740845,"y":3.0,"z":-2.8726718425750734},"quat":{"x":0.24489694833755494,"y":-0.2893344461917877,"z":0.07683693617582321,"w":0.9221752882003784}},{"id":22,"img":["./22_0.png","./22_1.png","./22_2.png","./22_3.png","./22_4.png","./22_5.png","./22_6.png","./22_7.png","./22_8.png","./22_9.png"],"worldToCameraMatrix":{"e00":0.34730517864227297,"e01":-2.9802322387695315e-8,"e02":0.9377521872520447,"e03":4.76837158203125e-7,"e10":-0.46525540947914126,"e11":0.8682430982589722,"e12":0.17231164872646333,"e13":-0.868242621421814,"e20":0.8141968846321106,"e21":0.4961389899253845,"e22":-0.30154532194137576,"e23":-4.527267932891846,"e30":0.0,"e31":0.0,"e32":0.0,"e33":1.0},"projectionMatrix":{"e00":0.34730517864227297,"e01":-2.9802322387695315e-8,"e02":0.9377521872520447,"e03":4.76837158203125e-7,"e10":-0.46525540947914126,"e11":0.8682430982589722,"e12":0.17231164872646333,"e13":-0.868242621421814,"e20":0.8141968846321106,"e21":0.4961389899253845,"e22":-0.30154532194137576,"e23":-4.527267932891846,"e30":0.0,"e31":0.0,"e32":0.0,"e33":1.0},"world2screenMat":{"e00":0.33837199211120608,"e01":-2.9035764015361566e-8,"e02":0.9136318564414978,"e03":4.6457222424578506e-7,"e10":-0.8058459758758545,"e11":1.5038411617279053,"e12":0.2984525263309479,"e13":-1.5038403272628785,"e20":-0.8146854639053345,"e21":-0.4964367151260376,"e22":0.3017262816429138,"e23":3.929804801940918,"e30":-0.8141968846321106,"e31":-0.4961389899253845,"e32":0.30154532194137576,"e33":4.527267932891846},"pos":{"x":3.282132387161255,"y":3.0,"z":-1.2155683040618897},"quat":{"x":0.21066367626190186,"y":-0.5521305799484253,"z":0.14662624895572663,"w":0.793267548084259}},{"id":23,"img":["./23_0.png","./23_1.png","./23_2.png","./23_3.png","./23_4.png","./23_5.png","./23_6.png","./23_7.png","./23_8.png","./23_9.png"],"worldToCameraMatrix":{"e00":-0.2506527900695801,"e01":-1.4901161193847657e-8,"e02":0.9680771827697754,"e03":6.556510925292969e-7,"e10":-0.4803007245063782,"e11":0.8682431578636169,"e12":-0.12435856461524964,"e13":-0.8682432174682617,"e20":0.8405263423919678,"e21":0.49613896012306216,"e22":0.2176276445388794,"e23":-4.527268409729004,"e30":0.0,"e31":0.0,"e32":0.0,"e33":1.0},"projectionMatrix":{"e00":-0.2506527900695801,"e01":-1.4901161193847657e-8,"e02":0.9680771827697754,"e03":6.556510925292969e-7,"e10":-0.4803007245063782,"e11":0.8682431578636169,"e12":-0.12435856461524964,"e13":-0.8682432174682617,"e20":0.8405263423919678,"e21":0.49613896012306216,"e22":0.2176276445388794,"e23":-4.527268409729004,"e30":0.0,"e31":0.0,"e32":0.0,"e33":1.0},"world2screenMat":{"e00":-0.24420563876628877,"e01":-1.4517882007680783e-8,"e02":0.9431768655776978,"e03":6.387867870216724e-7,"e10":-0.8319052457809448,"e11":1.5038412809371949,"e12":-0.21539534628391267,"e13":-1.5038412809371949,"e20":-0.8410307168960571,"e21":-0.4964366853237152,"e22":-0.21775823831558228,"e23":3.929805278778076,"e30":-0.8405263423919678,"e31":-0.49613896012306216,"e32":-0.2176276445388794,"e33":4.527268409729004},"pos":{"x":3.3882699012756349,"y":3.0,"z":0.877284049987793},"quat":{"x":0.15710796415805818,"y":-0.7642845511436462,"z":0.20296677947044373,"w":0.5916001796722412}},{"id":24,"img":["./24_0.png","./24_1.png","./24_2.png","./24_3.png","./24_4.png","./24_5.png","./24_6.png","./24_7.png","./24_8.png","./24_9.png"],"worldToCameraMatrix":{"e00":-0.7587583065032959,"e01":-1.4901161193847657e-8,"e02":0.651372492313385,"e03":2.384185791015625e-7,"e10":-0.3231712579727173,"e11":0.8682431578636169,"e12":-0.37644946575164797,"e13":-0.8682430386543274,"e20":0.5655496716499329,"e21":0.49613893032073977,"e22":0.6587866544723511,"e23":-4.527268409729004,"e30":0.0,"e31":0.0,"e32":0.0,"e33":1.0},"projectionMatrix":{"e00":-0.7587583065032959,"e01":-1.4901161193847657e-8,"e02":0.651372492313385,"e03":2.384185791015625e-7,"e10":-0.3231712579727173,"e11":0.8682431578636169,"e12":-0.37644946575164797,"e13":-0.8682430386543274,"e20":0.5655496716499329,"e21":0.49613893032073977,"e22":0.6587866544723511,"e23":-4.527268409729004,"e30":0.0,"e31":0.0,"e32":0.0,"e33":1.0},"world2screenMat":{"e00":-0.7392419576644898,"e01":-1.4517882007680783e-8,"e02":0.6346182823181152,"e03":2.3228611212289253e-7,"e10":-0.5597490072250366,"e11":1.5038412809371949,"e12":-0.6520295739173889,"e13":-1.5038410425186158,"e20":-0.5658890604972839,"e21":-0.4964366555213928,"e22":-0.6591820120811462,"e23":3.929805278778076,"e30":-0.5655496716499329,"e31":-0.49613893032073977,"e32":-0.6587866544723511,"e33":4.527268409729004},"pos":{"x":2.279803514480591,"y":3.0,"z":2.655653476715088},"quat":{"x":-0.08914212137460709,"y":0.9063371419906616,"z":-0.2406909018754959,"w":-0.3356703817844391}},{"id":25,"img":["./25_0.png","./25_1.png","./25_2.png","./25_3.png","./25_4.png","./25_5.png","./25_6.png","./25_7.png","./25_8.png","./25_9.png"],"worldToCameraMatrix":{"e00":-0.9948694705963135,"e01":0.0,"e02":0.1011681854724884,"e03":5.960464477539063e-8,"e10":-0.05019347742199898,"e11":0.8682431578636169,"e12":-0.4935934245586395,"e13":-0.8682430982589722,"e20":0.08783859014511109,"e21":0.49613896012306216,"e22":0.8637886047363281,"e23":-4.527268409729004,"e30":0.0,"e31":0.0,"e32":0.0,"e33":1.0},"projectionMatrix":{"e00":-0.9948694705963135,"e01":0.0,"e02":0.1011681854724884,"e03":5.960464477539063e-8,"e10":-0.05019347742199898,"e11":0.8682431578636169,"e12":-0.4935934245586395,"e13":-0.8682430982589722,"e20":0.08783859014511109,"e21":0.49613896012306216,"e22":0.8637886047363281,"e23":-4.527268409729004,"e30":0.0,"e31":0.0,"e32":0.0,"e33":1.0},"world2screenMat":{"e00":-0.9692800045013428,"e01":0.0,"e02":0.09856599569320679,"e03":5.807152803072313e-8,"e10":-0.08693765103816986,"e11":1.5038412809371949,"e12":-0.8549288511276245,"e13":-1.5038411617279053,"e20":-0.08789130300283432,"e21":-0.4964366853237152,"e22":-0.8643069863319397,"e23":3.929805278778076,"e30":-0.08783859014511109,"e31":-0.49613896012306216,"e32":-0.8637886047363281,"e33":4.527268409729004},"pos":{"x":0.3540886640548706,"y":3.0,"z":3.4820427894592287},"quat":{"x":-0.013000000268220902,"y":0.9652591943740845,"z":-0.256338506937027,"w":-0.048952337354421619}},{"id":26,"img":["./26_0.png","./26_1.png","./26_2.png","./26_3.png","./26_4.png","./26_5.png","./26_6.png","./26_7.png","./26_8.png","./26_9.png"],"worldToCameraMatrix":{"e00":-0.8743464946746826,"e01":0.0,"e02":-0.4853021800518036,"e03":-2.384185791015625e-7,"e10":0.24077729880809785,"e11":0.8682431578636169,"e12":-0.43379732966423037,"e13":-0.8682432174682617,"e20":-0.4213602840900421,"e21":0.49613890051841738,"e22":0.7591453790664673,"e23":-4.527267932891846,"e30":0.0,"e31":0.0,"e32":0.0,"e33":1.0},"projectionMatrix":{"e00":-0.8743464946746826,"e01":0.0,"e02":-0.4853021800518036,"e03":-2.384185791015625e-7,"e10":0.24077729880809785,"e11":0.8682431578636169,"e12":-0.43379732966423037,"e13":-0.8682432174682617,"e20":-0.4213602840900421,"e21":0.49613890051841738,"e22":0.7591453790664673,"e23":-4.527267932891846,"e30":0.0,"e31":0.0,"e32":0.0,"e33":1.0},"world2screenMat":{"e00":-0.85185706615448,"e01":0.0,"e02":-0.4728195071220398,"e03":-2.3228611212289253e-7,"e10":0.4170385003089905,"e11":1.5038412809371949,"e12":-0.7513589859008789,"e13":-1.5038412809371949,"e20":0.4216131567955017,"e21":-0.49643662571907046,"e22":-0.7596009373664856,"e23":3.929804801940918,"e30":0.4213602840900421,"e31":-0.49613890051841738,"e32":-0.7591453790664673,"e33":4.527267932891846},"pos":{"x":-1.698557734489441,"y":3.0,"z":3.0602126121520998},"quat":{"x":0.06433449685573578,"y":0.9356461763381958,"z":-0.24847432971000672,"w":0.24225570261478425}},{"id":27,"img":["./27_0.png","./27_1.png","./27_2.png","./27_3.png","./27_4.png","./27_5.png","./27_6.png","./27_7.png","./27_8.png","./27_9.png"],"worldToCameraMatrix":{"e00":-0.4403940439224243,"e01":-5.960464477539063e-8,"e02":-0.8978047370910645,"e03":2.384185791015625e-7,"e10":0.44543588161468508,"e11":0.8682431578636169,"e12":-0.21849659085273744,"e13":-0.8682429790496826,"e20":-0.779512882232666,"e21":0.49613896012306216,"e22":0.3823690414428711,"e23":-4.527268409729004,"e30":0.0,"e31":0.0,"e32":0.0,"e33":1.0},"projectionMatrix":{"e00":-0.4403940439224243,"e01":-5.960464477539063e-8,"e02":-0.8978047370910645,"e03":2.384185791015625e-7,"e10":0.44543588161468508,"e11":0.8682431578636169,"e12":-0.21849659085273744,"e13":-0.8682429790496826,"e20":-0.779512882232666,"e21":0.49613896012306216,"e22":0.3823690414428711,"e23":-4.527268409729004,"e30":0.0,"e31":0.0,"e32":0.0,"e33":1.0},"world2screenMat":{"e00":-0.4290664792060852,"e01":-5.807152803072313e-8,"e02":-0.8747119307518005,"e03":2.3228611212289253e-7,"e10":0.7715175747871399,"e11":1.5038412809371949,"e12":-0.37844717502593996,"e13":-1.5038409233093262,"e20":0.7799806594848633,"e21":-0.4964366853237152,"e22":-0.38259848952293398,"e23":3.929805278778076,"e30":0.779512882232666,"e31":-0.49613896012306216,"e32":-0.3823690414428711,"e33":4.527268409729004},"pos":{"x":-3.1423161029815676,"y":3.0,"z":1.5413788557052613},"quat":{"x":0.1357681155204773,"y":0.8202143311500549,"z":-0.21781976521015168,"w":0.5112437009811401}},{"id":28,"img":["./28_0.png","./28_1.png","./28_2.png","./28_3.png","./28_4.png","./28_5.png","./28_6.png","./28_7.png","./28_8.png","./28_9.png"],"worldToCameraMatrix":{"e00":0.15142816305160523,"e01":-4.470348358154297e-8,"e02":-0.9884682893753052,"e03":2.384185791015625e-7,"e10":0.49041759967803957,"e11":0.8682431578636169,"e12":0.07512940466403961,"e13":-0.8682429790496826,"e20":-0.8582308292388916,"e21":0.49613893032073977,"e22":-0.1314765214920044,"e23":-4.527267932891846,"e30":0.0,"e31":0.0,"e32":0.0,"e33":1.0},"projectionMatrix":{"e00":0.15142816305160523,"e01":-4.470348358154297e-8,"e02":-0.9884682893753052,"e03":2.384185791015625e-7,"e10":0.49041759967803957,"e11":0.8682431578636169,"e12":0.07512940466403961,"e13":-0.8682429790496826,"e20":-0.8582308292388916,"e21":0.49613893032073977,"e22":-0.1314765214920044,"e23":-4.527267932891846,"e30":0.0,"e31":0.0,"e32":0.0,"e33":1.0},"world2screenMat":{"e00":0.14753320813179017,"e01":-4.3553647799399189e-8,"e02":-0.9630434513092041,"e03":2.3228611212289253e-7,"e10":0.8494281768798828,"e11":1.5038412809371949,"e12":0.1301279366016388,"e13":-1.5038409233093262,"e20":0.8587458729743958,"e21":-0.4964366555213928,"e22":0.13155542314052583,"e23":3.929804801940918,"e30":0.8582308292388916,"e31":-0.49613893032073977,"e32":0.1314765214920044,"e33":4.527267932891846},"pos":{"x":-3.459639072418213,"y":3.0,"z":-0.5299984812736511},"quat":{"x":0.1947488933801651,"y":0.629551112651825,"z":-0.16718639433383943,"w":0.7333396077156067}},{"id":29,"img":["./29_0.png","./29_1.png","./29_2.png","./29_3.png","./29_4.png","./29_5.png","./29_6.png","./29_7.png","./29_8.png","./29_9.png"],"worldToCameraMatrix":{"e00":0.688967227935791,"e01":0.0,"e02":-0.72479248046875,"e03":-3.5762786865234377e-7,"e10":0.35959774255752566,"e11":0.8682431578636169,"e12":0.3418235182762146,"e13":-0.8682430982589722,"e20":-0.629296064376831,"e21":0.49613893032073977,"e22":-0.5981910824775696,"e23":-4.527267932891846,"e30":0.0,"e31":0.0,"e32":0.0,"e33":1.0},"projectionMatrix":{"e00":0.688967227935791,"e01":0.0,"e02":-0.72479248046875,"e03":-3.5762786865234377e-7,"e10":0.35959774255752566,"e11":0.8682431578636169,"e12":0.3418235182762146,"e13":-0.8682430982589722,"e20":-0.629296064376831,"e21":0.49613893032073977,"e22":-0.5981910824775696,"e23":-4.5272679328