{
    "camera": [
        {
            "id": 0,
            "img": [
                "./0_0.png",
                "./0_1.png",
                "./0_2.png",
                "./0_3.png",
                "./0_4.png",
                "./0_5.png",
                "./0_6.png",
                "./0_7.png",
                "./0_8.png",
                "./0_9.png"
            ],
            "worldToCameraMatrix": {
                "e00": 1.0,
                "e01": 0.0,
                "e02": -4.371138828673793e-8,
                "e03": 0.0,
                "e10": 0.0,
                "e11": 1.0,
                "e12": 0.0,
                "e13": -1.0,
                "e20": -4.371138828673793e-8,
                "e21": 0.0,
                "e22": -1.0,
                "e23": -3.5,
                "e30": 0.0,
                "e31": 0.0,
                "e32": 0.0,
                "e33": 1.0
            },
            "projectionMatrix": {
                "e00": 1.0,
                "e01": 0.0,
                "e02": -4.371138828673793e-8,
                "e03": 0.0,
                "e10": 0.0,
                "e11": 1.0,
                "e12": 0.0,
                "e13": -1.0,
                "e20": -4.371138828673793e-8,
                "e21": 0.0,
                "e22": -1.0,
                "e23": -3.5,
                "e30": 0.0,
                "e31": 0.0,
                "e32": 0.0,
                "e33": 1.0
            },
            "world2screenMat": {
                "e00": 0.9742785692214966,
                "e01": 0.0,
                "e02": -4.258706809423529e-8,
                "e03": 0.0,
                "e10": 0.0,
                "e11": 1.7320507764816285,
                "e12": 0.0,
                "e13": -1.7320507764816285,
                "e20": 4.373761797182851e-8,
                "e21": 0.0,
                "e22": 1.0006000995635987,
                "e23": 2.9019203186035158,
                "e30": 4.371138828673793e-8,
                "e31": 0.0,
                "e32": 1.0,
                "e33": 3.5
            },
            "pos": {
                "x": -1.5298985545086908e-7,
                "y": 1.0,
                "z": -3.5
            },
            "quat": {
                "x": 0.0,
                "y": 2.1855694143368966e-8,
                "z": 0.0,
                "w": 1.0
            }
        },
        {
            "id": 1,
            "img": [
                "./1_0.png",
                "./1_1.png",
                "./1_2.png",
                "./1_3.png",
                "./1_4.png",
                "./1_5.png",
                "./1_6.png",
                "./1_7.png",
                "./1_8.png",
                "./1_9.png"
            ],
            "worldToCameraMatrix": {
                "e00": 0.8386704921722412,
                "e01": 0.0,
                "e02": 0.5446391105651856,
                "e03": 2.384185791015625e-7,
                "e10": 0.0,
                "e11": 1.0,
                "e12": 0.0,
                "e13": -1.0,
                "e20": 0.5446391105651856,
                "e21": 0.0,
                "e22": -0.8386704921722412,
                "e23": -3.5,
                "e30": 0.0,
                "e31": 0.0,
                "e32": 0.0,
                "e33": 1.0
            },
            "projectionMatrix": {
                "e00": 0.8386704921722412,
                "e01": 0.0,
                "e02": 0.5446391105651856,
                "e03": 2.384185791015625e-7,
                "e10": 0.0,
                "e11": 1.0,
                "e12": 0.0,
                "e13": -1.0,
                "e20": 0.5446391105651856,
                "e21": 0.0,
                "e22": -0.8386704921722412,
                "e23": -3.5,
                "e30": 0.0,
                "e31": 0.0,
                "e32": 0.0,
                "e33": 1.0
            },
            "world2screenMat": {
                "e00": 0.8170986771583557,
                "e01": 0.0,
                "e02": 0.5306302309036255,
                "e03": 2.3228611212289253e-7,
                "e10": 0.0,
                "e11": 1.7320507764816285,
                "e12": 0.0,
                "e13": -1.7320507764816285,
                "e20": -0.544965922832489,
                "e21": 0.0,
                "e22": 0.8391737937927246,
                "e23": 2.9019203186035158,
                "e30": -0.5446391105651856,
                "e31": 0.0,
                "e32": 0.8386704921722412,
                "e33": 3.5
            },
            "pos": {
                "x": 1.9062366485595704,
                "y": 1.0,
                "z": -2.935346841812134
            },
            "quat": {
                "x": 0.0,
                "y": -0.28401538729667666,
                "z": 0.0,
                "w": 0.9588197469711304
            }
        },
        {
            "id": 2,
            "img": [
                "./2_0.png",
                "./2_1.png",
                "./2_2.png",
                "./2_3.png",
                "./2_4.png",
                "./2_5.png",
                "./2_6.png",
                "./2_7.png",
                "./2_8.png",
                "./2_9.png"
            ],
            "worldToCameraMatrix": {
                "e00": 0.4067366123199463,
                "e01": 0.0,
                "e02": 0.9135454893112183,
                "e03": 2.384185791015625e-7,
                "e10": 0.0,
                "e11": 1.0,
                "e12": 0.0,
                "e13": -1.0,
                "e20": 0.9135454893112183,
                "e21": 0.0,
                "e22": -0.4067366123199463,
                "e23": -3.5,
                "e30": 0.0,
                "e31": 0.0,
                "e32": 0.0,
                "e33": 1.0
            },
            "projectionMatrix": {
                "e00": 0.4067366123199463,
                "e01": 0.0,
                "e02": 0.9135454893112183,
                "e03": 2.384185791015625e-7,
                "e10": 0.0,
                "e11": 1.0,
                "e12": 0.0,
                "e13": -1.0,
                "e20": 0.9135454893112183,
                "e21": 0.0,
                "e22": -0.4067366123199463,
                "e23": -3.5,
                "e30": 0.0,
                "e31": 0.0,
                "e32": 0.0,
                "e33": 1.0
            },
            "world2screenMat": {
                "e00": 0.39627477526664736,
                "e01": 0.0,
                "e02": 0.8900477886199951,
                "e03": 2.3228611212289253e-7,
                "e10": 0.0,
                "e11": 1.7320507764816285,
                "e12": 0.0,
                "e13": -1.7320507764816285,
                "e20": -0.9140937328338623,
                "e21": 0.0,
                "e22": 0.4069806933403015,
                "e23": 2.9019203186035158,
                "e30": -0.9135454893112183,
                "e31": 0.0,
                "e32": 0.4067366123199463,
                "e33": 3.5
            },
            "pos": {
                "x": 3.19740891456604,
                "y": 1.0,
                "z": -1.4235782623291016
            },
            "quat": {
                "x": 0.0,
                "y": -0.5446390509605408,
                "z": 0.0,
                "w": 0.838670551776886
            }
        },
        {
            "id": 3,
            "img": [
                "./3_0.png",
                "./3_1.png",
                "./3_2.png",
                "./3_3.png",
                "./3_4.png",
                "./3_5.png",
                "./3_6.png",
                "./3_7.png",
                "./3_8.png",
                "./3_9.png"
            ],
            "worldToCameraMatrix": {
                "e00": -0.15643465518951417,
                "e01": 0.0,
                "e02": 0.9876883625984192,
                "e03": 6.556510925292969e-7,
                "e10": 0.0,
                "e11": 1.0,
                "e12": 0.0,
                "e13": -1.0,
                "e20": 0.9876883625984192,
                "e21": 0.0,
                "e22": 0.15643465518951417,
                "e23": -3.500000238418579,
                "e30": 0.0,
                "e31": 0.0,
                "e32": 0.0,
                "e33": 1.0
            },
            "projectionMatrix": {
                "e00": -0.15643465518951417,
                "e01": 0.0,
                "e02": 0.9876883625984192,
                "e03": 6.556510925292969e-7,
                "e10": 0.0,
                "e11": 1.0,
                "e12": 0.0,
                "e13": -1.0,
                "e20": 0.9876883625984192,
                "e21": 0.0,
                "e22": 0.15643465518951417,
                "e23": -3.500000238418579,
                "e30": 0.0,
                "e31": 0.0,
                "e32": 0.0,
                "e33": 1.0
            },
            "world2screenMat": {
                "e00": -0.15241093933582307,
                "e01": 0.0,
                "e02": 0.9622836112976074,
                "e03": 6.387867870216724e-7,
                "e10": 0.0,
                "e11": 1.7320507764816285,
                "e12": 0.0,
                "e13": -1.7320507764816285,
                "e20": -0.9882810711860657,
                "e21": 0.0,
                "e22": -0.1565285325050354,
                "e23": 2.9019205570220949,
                "e30": -0.9876883625984192,
                "e31": 0.0,
                "e32": -0.15643465518951417,
                "e33": 3.500000238418579
            },
            "pos": {
                "x": 3.4569091796875,
                "y": 1.0,
                "z": 0.547520637512207
            },
            "quat": {
                "x": 0.0,
                "y": -0.7604060173034668,
                "z": 0.0,
                "w": 0.649448037147522
            }
        },
        {
            "id": 4,
            "img": [
                "./4_0.png",
                "./4_1.png",
                "./4_2.png",
                "./4_3.png",
                "./4_4.png",
                "./4_5.png",
                "./4_6.png",
                "./4_7.png",
                "./4_8.png",
                "./4_9.png"
            ],
            "worldToCameraMatrix": {
                "e00": -0.6691305637359619,
                "e01": 0.0,
                "e02": 0.7431448101997376,
                "e03": -2.384185791015625e-7,
                "e10": 0.0,
                "e11": 1.0,
                "e12": 0.0,
                "e13": -1.0,
                "e20": 0.7431448101997376,
                "e21": 0.0,
                "e22": 0.6691305637359619,
                "e23": -3.499999523162842,
                "e30": 0.0,
                "e31": 0.0,
                "e32": 0.0,
                "e33": 1.0
            },
            "projectionMatrix": {
                "e00": -0.6691305637359619,
                "e01": 0.0,
                "e02": 0.7431448101997376,
                "e03": -2.384185791015625e-7,
                "e10": 0.0,
                "e11": 1.0,
                "e12": 0.0,
                "e13": -1.0,
                "e20": 0.7431448101997376,
                "e21": 0.0,
                "e22": 0.6691305637359619,
                "e23": -3.499999523162842,
                "e30": 0.0,
                "e31": 0.0,
                "e32": 0.0,
                "e33": 1.0
            },
            "world2screenMat": {
                "e00": -0.6519195437431336,
                "e01": 0.0,
                "e02": 0.724030077457428,
                "e03": -2.3228611212289253e-7,
                "e10": 0.0,
                "e11": 1.7320507764816285,
                "e12": 0.0,
                "e13": -1.7320507764816285,
                "e20": -0.743590772151947,
                "e21": 0.0,
                "e22": -0.6695321202278137,
                "e23": 2.9019198417663576,
                "e30": -0.7431448101997376,
                "e31": 0.0,
                "e32": -0.6691305637359619,
                "e33": 3.499999523162842
            },
            "pos": {
                "x": 2.6010067462921144,
                "y": 1.0,
                "z": 2.3419570922851564
            },
            "quat": {
                "x": 0.0,
                "y": 0.9135454297065735,
                "z": 0.0,
                "w": -0.4067366421222687
            }
        },
        {
            "id": 5,
            "img": [
                "./5_0.png",
                "./5_1.png",
                "./5_2.png",
                "./5_3.png",
                "./5_4.png",
                "./5_5.png",
                "./5_6.png",
                "./5_7.png",
                "./5_8.png",
                "./5_9.png"
            ],
            "worldToCameraMatrix": {
                "e00": -0.965925931930542,
                "e01": 0.0,
                "e02": 0.2588190734386444,
                "e03": 5.960464477539063e-8,
                "e10": 0.0,
                "e11": 1.0,
                "e12": 0.0,
                "e13": -1.0,
                "e20": 0.2588190734386444,
                "e21": 0.0,
                "e22": 0.965925931930542,
                "e23": -3.500000476837158,
                "e30": 0.0,
                "e31": 0.0,
                "e32": 0.0,
                "e33": 1.0
            },
            "projectionMatrix": {
                "e00": -0.965925931930542,
                "e01": 0.0,
                "e02": 0.2588190734386444,
                "e03": 5.960464477539063e-8,
                "e10": 0.0,
                "e11": 1.0,
                "e12": 0.0,
                "e13": -1.0,
                "e20": 0.2588190734386444,
                "e21": 0.0,
                "e22": 0.965925931930542,
                "e23": -3.500000476837158,
                "e30": 0.0,
                "e31": 0.0,
                "e32": 0.0,
                "e33": 1.0
            },
            "world2screenMat": {
                "e00": -0.9410809278488159,
                "e01": 0.0,
                "e02": 0.2521618902683258,
                "e03": 5.807152803072313e-8,
                "e10": 0.0,
                "e11": 1.7320507764816285,
                "e12": 0.0,
                "e13": -1.7320507764816285,
                "e20": -0.2589744031429291,
                "e21": 0.0,
                "e22": -0.9665055871009827,
                "e23": 2.901920795440674,
                "e30": -0.2588190734386444,
                "e31": 0.0,
                "e32": -0.965925931930542,
                "e33": 3.500000476837158
            },
            "pos": {
                "x": 0.9058667421340942,
                "y": 1.0,
                "z": 3.3807404041290285
            },
            "quat": {
                "x": 0.0,
                "y": 0.9914448857307434,
                "z": 0.0,
                "w": -0.13052619993686677
            }
        },
        {
            "id": 6,
            "img": [
                "./6_0.png",
                "./6_1.png",
                "./6_2.png",
                "./6_3.png",
                "./6_4.png",
                "./6_5.png",
                "./6_6.png",
                "./6_7.png",
                "./6_8.png",
                "./6_9.png"
            ],
            "worldToCameraMatrix": {
                "e00": -0.9510565996170044,
                "e01": 0.0,
                "e02": -0.30901697278022768,
                "e03": 1.1920928955078126e-7,
                "e10": 0.0,
                "e11": 1.0,
                "e12": 0.0,
                "e13": -1.0,
                "e20": -0.30901697278022768,
                "e21": 0.0,
                "e22": 0.9510565996170044,
                "e23": -3.500000238418579,
                "e30": 0.0,
                "e31": 0.0,
                "e32": 0.0,
                "e33": 1.0
            },
            "projectionMatrix": {
                "e00": -0.9510565996170044,
                "e01": 0.0,
                "e02": -0.30901697278022768,
                "e03": 1.1920928955078126e-7,
                "e10": 0.0,
                "e11": 1.0,
                "e12": 0.0,
                "e13": -1.0,
                "e20": -0.30901697278022768,
                "e21": 0.0,
                "e22": 0.9510565996170044,
                "e23": -3.500000238418579,
                "e30": 0.0,
                "e31": 0.0,
                "e32": 0.0,
                "e33": 1.0
            },
            "world2screenMat": {
                "e00": -0.926594078540802,
                "e01": 0.0,
                "e02": -0.30106860399246218,
                "e03": 1.1614305606144626e-7,
                "e10": 0.0,
                "e11": 1.7320507764816285,
                "e12": 0.0,
                "e13": -1.7320507764816285,
                "e20": 0.3092024028301239,
                "e21": 0.0,
                "e22": -0.9516273140907288,
                "e23": 2.9019205570220949,
                "e30": 0.30901697278022768,
                "e31": 0.0,
                "e32": -0.9510565996170044,
                "e33": 3.500000238418579
            },
            "pos": {
                "x": -1.0815593004226685,
                "y": 1.0,
                "z": 3.328697919845581
            },
            "quat": {
                "x": 0.0,
                "y": 0.9876883625984192,
                "z": 0.0,
                "w": 0.15643444657325746
            }
        },
        {
            "id": 7,
            "img": [
                "./7_0.png",
                "./7_1.png",
                "./7_2.png",
                "./7_3.png",
                "./7_4.png",
                "./7_5.png",
                "./7_6.png",
                "./7_7.png",
                "./7_8.png",
                "./7_9.png"
            ],
            "worldToCameraMatrix": {
                "e00": -0.629320502281189,
                "e01": 0.0,
                "e02": -0.7771458625793457,
                "e03": 0.0,
                "e10": 0.0,
                "e11": 1.0,
                "e12": 0.0,
                "e13": -1.0,
                "e20": -0.7771458625793457,
                "e21": 0.0,
                "e22": 0.629320502281189,
                "e23": -3.5,
                "e30": 0.0,
                "e31": 0.0,
                "e32": 0.0,
                "e33": 1.0
            },
            "projectionMatrix": {
                "e00": -0.629320502281189,
                "e01": 0.0,
                "e02": -0.7771458625793457,
                "e03": 0.0,
                "e10": 0.0,
                "e11": 1.0,
                "e12": 0.0,
                "e13": -1.0,
                "e20": -0.7771458625793457,
                "e21": 0.0,
                "e22": 0.629320502281189,
                "e23": -3.5,
                "e30": 0.0,
                "e31": 0.0,
                "e32": 0.0,
                "e33": 1.0
            },
            "world2screenMat": {
                "e00": -0.6131334900856018,
                "e01": 0.0,
                "e02": -0.7571565508842468,
                "e03": 0.0,
                "e10": 0.0,
                "e11": 1.7320507764816285,
                "e12": 0.0,
                "e13": -1.7320507764816285,
                "e20": 0.7776122093200684,
                "e21": 0.0,
                "e22": -0.6296981573104858,
                "e23": 2.9019203186035158,
                "e30": 0.7771458625793457,
                "e31": 0.0,
                "e32": -0.629320502281189,
                "e33": 3.5
            },
            "pos": {
                "x": -2.72001051902771,
                "y": 1.0,
                "z": 2.2026216983795168
            },
            "quat": {
                "x": 0.0,
                "y": 0.9025853276252747,
                "z": 0.0,
                "w": 0.4305110275745392
            }
        },
        {
            "id": 8,
            "img": [
                "./8_0.png",
                "./8_1.png",
                "./8_2.png",
                "./8_3.png",
                "./8_4.png",
                "./8_5.png",
                "./8_6.png",
                "./8_7.png",
                "./8_8.png",
                "./8_9.png"
            ],
            "worldToCameraMatrix": {
                "e00": -0.10452854633331299,
                "e01": 0.0,
                "e02": -0.994521975517273,
                "e03": -1.4901161193847657e-7,
                "e10": 0.0,
                "e11": 1.0,
                "e12": 0.0,
                "e13": -1.0,
                "e20": -0.994521975517273,
                "e21": 0.0,
                "e22": 0.10452854633331299,
                "e23": -3.500000238418579,
                "e30": 0.0,
                "e31": 0.0,
                "e32": 0.0,
                "e33": 1.0
            },
            "projectionMatrix": {
                "e00": -0.10452854633331299,
                "e01": 0.0,
                "e02": -0.994521975517273,
                "e03": -1.4901161193847657e-7,
                "e10": 0.0,
                "e11": 1.0,
                "e12": 0.0,
                "e13": -1.0,
                "e20": -0.994521975517273,
                "e21": 0.0,
                "e22": 0.10452854633331299,
                "e23": -3.500000238418579,
                "e30": 0.0,
                "e31": 0.0,
                "e32": 0.0,
                "e33": 1.0
            },
            "world2screenMat": {
                "e00": -0.10183992236852646,
                "e01": 0.0,
                "e02": -0.9689414501190186,
                "e03": -1.4517881652409415e-7,
                "e10": 0.0,
                "e11": 1.7320507764816285,
                "e12": 0.0,
                "e13": -1.7320507764816285,
                "e20": 0.9951187968254089,
                "e21": 0.0,
                "e22": -0.10459127277135849,
                "e23": 2.9019205570220949,
                "e30": 0.994521975517273,
                "e31": 0.0,
                "e32": -0.10452854633331299,
                "e33": 3.500000238418579
            },
            "pos": {
                "x": -3.4808266162872316,
                "y": 1.0,
                "z": 0.36584973335266116
            },
            "quat": {
                "x": 0.0,
                "y": 0.7431448698043823,
                "z": 0.0,
                "w": 0.6691306233406067
            }
        },
        {
            "id": 9,
            "img": [
                "./9_0.png",
                "./9_1.png",
                "./9_2.png",
                "./9_3.png",
                "./9_4.png",
                "./9_5.png",
                "./9_6.png",
                "./9_7.png",
                "./9_8.png",
                "./9_9.png"
            ],
            "worldToCameraMatrix": {
                "e00": 0.453990638256073,
                "e01": 0.0,
                "e02": -0.8910064697265625,
                "e03": 3.5762786865234377e-7,
                "e10": 0.0,
                "e11": 1.0,
                "e12": 0.0,
                "e13": -1.0,
                "e20": -0.8910064697265625,
                "e21": 0.0,
                "e22": -0.453990638256073,
                "e23": -3.500000238418579,
                "e30": 0.0,
                "e31": 0.0,
                "e32": 0.0,
                "e33": 1.0
            },
            "projectionMatrix": {
                "e00": 0.453990638256073,
                "e01": 0.0,
                "e02": -0.8910064697265625,
                "e03": 3.5762786865234377e-7,
                "e10": 0.0,
                "e11": 1.0,
                "e12": 0.0,
                "e13": -1.0,
                "e20": -0.8910064697265625,
                "e21": 0.0,
                "e22": -0.453990638256073,
                "e23": -3.500000238418579,
                "e30": 0.0,
                "e31": 0.0,
                "e32": 0.0,
                "e33": 1.0
            },
            "world2screenMat": {
                "e00": 0.4423133432865143,
                "e01": 0.0,
                "e02": -0.8680884838104248,
                "e03": 3.484291823951935e-7,
                "e10": 0.0,
                "e11": 1.7320507764816285,
                "e12": 0.0,
                "e13": -1.7320507764816285,
                "e20": 0.8915411829948425,
                "e21": 0.0,
                "e22": 0.4542630910873413,
                "e23": 2.9019205570220949,
                "e30": 0.8910064697265625,
                "e31": 0.0,
                "e32": 0.453990638256073,
                "e33": 3.500000238418579
            },
            "pos": {
                "x": -3.118522882461548,
                "y": 1.0,
                "z": -1.588966965675354
            },
            "quat": {
                "x": 0.0,
                "y": 0.5224984884262085,
                "z": 0.0,
                "w": 0.8526402115821838
            }
        },
        {
            "id": 10,
            "img": [
                "./10_0.png",
                "./10_1.png",
                "./10_2.png",
                "./10_3.png",
                "./10_4.png",
                "./10_5.png",
                "./10_6.png",
                "./10_7.png",
                "./10_8.png",
                "./10_9.png"
            ],
            "worldToCameraMatrix": {
                "e00": 1.0,
                "e01": 4.440892098500626e-16,
                "e02": -4.371138828673793e-8,
                "e03": 0.0,
                "e10": 1.2008442240585282e-8,
                "e11": 0.9615239500999451,
                "e12": 0.2747211456298828,
                "e13": -0.9615238904953003,
                "e20": -4.202954784204849e-8,
                "e21": 0.2747211456298828,
                "e22": -0.9615239500999451,
                "e23": -3.914776086807251,
                "e30": 0.0,
                "e31": 0.0,
                "e32": 0.0,
                "e33": 1.0
            },
            "projectionMatrix": {
                "e00": 1.0,
                "e01": 4.440892098500626e-16,
                "e02": -4.371138828673793e-8,
                "e03": 0.0,
                "e10": 1.2008442240585282e-8,
                "e11": 0.9615239500999451,
                "e12": 0.2747211456298828,
                "e13": -0.9615238904953003,
                "e20": -4.202954784204849e-8,
                "e21": 0.2747211456298828,
                "e22": -0.9615239500999451,
                "e23": -3.914776086807251,
                "e30": 0.0,
                "e31": 0.0,
                "e32": 0.0,
                "e33": 1.0
            },
            "world2screenMat": {
                "e00": 0.9742785692214966,
                "e01": 4.3266659997942397e-16,
                "e02": -4.258706809423529e-8,
                "e03": 0.0,
                "e10": 2.0799232558488258e-8,
                "e11": 1.6654082536697388,
                "e12": 0.47583097219467165,
                "e13": -1.6654082536697388,
                "e20": 4.205476855645429e-8,
                "e21": -0.27488601207733157,
                "e22": 0.9621009826660156,
                "e23": 3.3169453144073488,
                "e30": 4.202954784204849e-8,
                "e31": -0.2747211456298828,
                "e32": 0.9615239500999451,
                "e33": 3.914776086807251
            },
            "pos": {
                "x": -1.5298985545086908e-7,
                "y": 2.0,
                "z": -3.5
            },
            "quat": {
                "x": 0.13870121538639069,
                "y": 2.164444268260013e-8,
                "z": -3.031410900078413e-9,
                "w": 0.9903343319892883
            }
        },
        {
            "id": 11,
            "img": [
                "./11_0.png",
                "./11_1.png",
                "./11_2.png",
                "./11_3.png",
                "./11_4.png",
                "./11_5.png",
                "./11_6.png",
                "./11_7.png",
                "./11_8.png",
                "./11_9.png"
            ],
            "worldToCameraMatrix": {
                "e00": 0.838670551776886,
                "e01": 2.2351741790771486e-8,
                "e02": 0.5446390509605408,
                "e03": 0.0,
                "e10": -0.149623841047287,
                "e11": 0.9615239500999451,
                "e12": 0.23040048778057099,
                "e13": -0.9615240097045898,
                "e20": 0.523683488368988,
                "e21": 0.27472108602523806,
                "e22": -0.8064018487930298,
                "e23": -3.914775848388672,
                "e30": 0.0,
                "e31": 0.0,
                "e32": 0.0,
                "e33": 1.0
            },
            "projectionMatrix": {
                "e00": 0.838670551776886,
                "e01": 2.2351741790771486e-8,
                "e02": 0.5446390509605408,
                "e03": 0.0,
                "e10": -0.149623841047287,
                "e11": 0.9615239500999451,
                "e12": 0.23040048778057099,
                "e13": -0.9615240097045898,
                "e20": 0.523683488368988,
                "e21": 0.27472108602523806,
                "e22": -0.8064018487930298,
                "e23": -3.914775848388672,
                "e30": 0.0,
                "e31": 0.0,
                "e32": 0.0,
                "e33": 1.0
            },
            "world2screenMat": {
                "e00": 0.8170987367630005,
                "e01": 2.1776823899699594e-8,
                "e02": 0.5306301712989807,
                "e03": 0.0,
                "e10": -0.25915607810020449,
                "e11": 1.6654082536697388,
                "e12": 0.3990653455257416,
                "e13": -1.6654083728790284,
                "e20": -0.5239977240562439,
                "e21": -0.27488595247268679,
                "e22": 0.8068857789039612,
                "e23": 3.3169450759887697,
                "e30": -0.523683488368988,
                "e31": -0.27472108602523806,
                "e32": 0.8064018487930298,
                "e33": 3.914775848388672
            },
            "pos": {
                "x": 1.9062366485595704,
                "y": 2.0,
                "z": -2.935346841812134
            },
            "quat": {
                "x": 0.13298943638801576,
                "y": -0.2812701463699341,
                "z": 0.03939327597618103,
                "w": 0.949552059173584
            }
        },
        {
            "id": 12,
            "img": [
                "./12_0.png",
                "./12_1.png",
                "./12_2.png",
                "./12_3.png",
                "./12_4.png",
                "./12_5.png",
                "./12_6.png",
                "./12_7.png",
                "./12_8.png",
                "./12_9.png"
            ],
            "worldToCameraMatrix": {
                "e00": 0.4067366123199463,
                "e01": 0.0,
                "e02": 0.9135454297065735,
                "e03": 1.1920928955078126e-7,
                "e10": -0.2509702742099762,
                "e11": 0.9615239500999451,
                "e12": 0.1117391511797905,
                "e13": -0.9615238904953003,
                "e20": 0.8783958554267883,
                "e21": 0.2747211456298828,
                "e22": -0.39108699560165408,
                "e23": -3.914775848388672,
                "e30": 0.0,
                "e31": 0.0,
                "e32": 0.0,
                "e33": 1.0
            },
            "projectionMatrix": {
                "e00": 0.4067366123199463,
                "e01": 0.0,
                "e02": 0.9135454297065735,
                "e03": 1.1920928955078126e-7,
                "e10": -0.2509702742099762,
                "e11": 0.9615239500999451,
                "e12": 0.1117391511797905,
                "e13": -0.9615238904953003,
                "e20": 0.8783958554267883,
                "e21": 0.2747211456298828,
                "e22": -0.39108699560165408,
                "e23": -3.914775848388672,
                "e30": 0.0,
                "e31": 0.0,
                "e32": 0.0,
                "e33": 1.0
            },
            "world2screenMat": {
                "e00": 0.39627477526664736,
                "e01": 0.0,
                "e02": 0.8900477290153503,
                "e03": 1.1614305606144626e-7,
                "e10": -0.43469324707984927,
                "e11": 1.6654082536697388,
                "e12": 0.1935378909111023,
                "e13": -1.6654082536697388,
                "e20": -0.8789229989051819,
                "e21": -0.27488601207733157,
                "e22": 0.39132168889045718,
                "e23": 3.3169450759887697,
                "e30": -0.8783958554267883,
                "e31": -0.2747211456298828,
                "e32": 0.39108699560165408,
                "e33": 3.914775848388672
            },
            "pos": {
                "x": 3.19740891456604,
                "y": 2.0,
                "z": -1.4235782623291016
            },
            "quat": {
                "x": 0.11632463335990906,
                "y": -0.5393747091293335,
                "z": 0.07554210722446442,
                "w": 0.8305642008781433
            }
        },
        {
            "id": 13,
            "img": [
                "./13_0.png",
                "./13_1.png",
                "./13_2.png",
                "./13_3.png",
                "./13_4.png",
                "./13_5.png",
                "./13_6.png",
                "./13_7.png",
                "./13_8.png",
                "./13_9.png"
            ],
            "worldToCameraMatrix": {
                "e00": -0.1564345359802246,
                "e01": -1.4901161193847657e-8,
                "e02": 0.9876883625984192,
                "e03": 2.980232238769531e-7,
                "e10": -0.27133888006210329,
                "e11": 0.9615239500999451,
                "e12": -0.042975857853889468,
                "e13": -0.9615238904953003,
                "e20": 0.9496859908103943,
                "e21": 0.2747211456298828,
                "e22": 0.1504155397415161,
                "e23": -3.91477632522583,
                "e30": 0.0,
                "e31": 0.0,
                "e32": 0.0,
                "e33": 1.0
            },
            "projectionMatrix": {
                "e00": -0.1564345359802246,
                "e01": -1.4901161193847657e-8,
                "e02": 0.9876883625984192,
                "e03": 2.980232238769531e-7,
                "e10": -0.27133888006210329,
                "e11": 0.9615239500999451,
                "e12": -0.042975857853889468,
                "e13": -0.9615238904953003,
                "e20": 0.9496859908103943,
                "e21": 0.2747211456298828,
                "e22": 0.1504155397415161,
                "e23": -3.91477632522583,
                "e30": 0.0,
                "e31": 0.0,
                "e32": 0.0,
                "e33": 1.0
            },
            "world2screenMat": {
                "e00": -0.1524108201265335,
                "e01": -1.4517882007680783e-8,
                "e02": 0.9622836112976074,
                "e03": 2.903576330481883e-7,
                "e10": -0.46997272968292239,
                "e11": 1.6654082536697388,
                "e12": -0.07443636655807495,
                "e13": -1.6654082536697388,
                "e20": -0.9502558708190918,
                "e21": -0.27488601207733157,
                "e22": -0.15050581097602845,
                "e23": 3.3169455528259279,
                "e30": -0.9496859908103943,
                "e31": -0.2747211456298828,
                "e32": -0.1504155397415161,
                "e33": 3.91477632522583
            },
            "pos": {
                "x": 3.4569091796875,
                "y": 2.0,
                "z": 0.547520637512207
            },
            "quat": {
                "x": 0.09007923305034638,
                "y": -0.7530561089515686,
                "z": 0.1054692268371582,
                "w": 0.6431706547737122
            }
        },
        {
            "id": 14,
            "img": [
                "./14_0.png",
                "./14_1.png",
                "./14_2.png",
                "./14_3.png",
                "./14_4.png",
                "./14_5.png",
                "./14_6.png",
                "./14_7.png",
                "./14_8.png",
                "./14_9.png"
            ],
            "worldToCameraMatrix": {
                "e00": -0.669130802154541,
                "e01": -7.450580596923828e-9,
                "e02": 0.7431448698043823,
                "e03": 3.5762786865234377e-7,
                "e10": -0.20415759086608888,
                "e11": 0.9615239500999451,
                "e12": -0.1838243305683136,
                "e13": -0.9615238904953003,
                "e20": 0.714551568031311,
                "e21": 0.2747211456298828,
                "e22": 0.6433852910995483,
                "e23": -3.91477632522583,
                "e30": 0.0,
                "e31": 0.0,
                "e32": 0.0,
                "e33": 1.0
            },
            "projectionMatrix": {
                "e00": -0.669130802154541,
                "e01": -7.450580596923828e-9,
                "e02": 0.7431448698043823,
                "e03": 3.5762786865234377e-7,
                "e10": -0.20415759086608888,
                "e11": 0.9615239500999451,
                "e12": -0.1838243305683136,
                "e13": -0.9615238904953003,
                "e20": 0.714551568031311,
                "e21": 0.2747211456298828,
                "e22": 0.6433852910995483,
                "e23": -3.91477632522583,
                "e30": 0.0,
                "e31": 0.0,
                "e32": 0.0,
                "e33": 1.0
            },
            "world2screenMat": {
                "e00": -0.6519197821617127,
                "e01": -7.258941003840391e-9,
                "e02": 0.7240301370620728,
                "e03": 3.484291823951935e-7,
                "e10": -0.3536113202571869,
                "e11": 1.6654082536697388,
                "e12": -0.3183930814266205,
                "e13": -1.6654082536697388,
                "e20": -0.7149803638458252,
                "e21": -0.27488601207733157,
                "e22": -0.6437714099884033,
                "e23": 3.3169455528259279,
                "e30": -0.714551568031311,
                "e31": -0.2747211456298828,
                "e32": -0.6433852910995483,
                "e33": 3.91477632522583
            },
            "pos": {
                "x": 2.6010067462921144,
                "y": 2.0,
                "z": 2.3419570922851564
            },
            "quat": {
                "x": -0.05641486868262291,
                "y": 0.9047154188156128,
                "z": -0.12670986354351045,
                "w": -0.40280523896217348
            }
        },
        {
            "id": 15,
            "img": [
                "./15_0.png",
                "./15_1.png",
                "./15_2.png",
                "./15_3.png",
                "./15_4.png",
                "./15_5.png",
                "./15_6.png",
                "./15_7.png",
                "./15_8.png",
                "./15_9.png"
            ],
            "worldToCameraMatrix": {
                "e00": -0.965925931930542,
                "e01": 0.0,
                "e02": 0.2588190734386444,
                "e03": 5.960464477539063e-8,
                "e10": -0.0711030662059784,
                "e11": 0.9615239500999451,
                "e12": -0.2653602063655853,
                "e13": -0.9615240693092346,
                "e20": 0.24886074662208558,
                "e21": 0.2747211158275604,
                "e22": 0.9287608861923218,
                "e23": -3.914776563644409,
                "e30": 0.0,
                "e31": 0.0,
